      peak_pos  onset  diastolic_notch
0          129    0.0            156.0
1          258  221.0            327.0
2          387  349.0            457.0
3          518  479.0            546.0
4          648  610.0            684.0
...        ...    ...              ...
2344    449351    NaN              NaN
2345    449504    NaN              NaN
2346    449654    NaN              NaN
2347    449807    NaN              NaN
2348    449977    NaN              NaN

[2349 rows x 3 columns]
      peak_pos     onset  diastolic_notch
0          162       0.0            204.0
1          329     288.0            368.0
2          495     454.0            530.0
3          841     789.0            899.0
4         1318    1240.0           1359.0
...        ...       ...              ...
1720    448374  448323.0              NaN
1721    448582       NaN              NaN
1722    448797       NaN              NaN
1723    449020       NaN              NaN
1724    449431       NaN              NaN

[1725 rows x 3 columns]
      peak_pos   onset  diastolic_notch
0          419   371.0            462.0
1          630   579.0            673.0
2          845   794.0            890.0
3         1055  1005.0           1098.0
4         1262  1213.0           1305.0
...        ...     ...              ...
1706    449124     NaN              NaN
1707    449330     NaN              NaN
1708    449540     NaN              NaN
1709    449743     NaN              NaN
1710    449947     NaN              NaN

[1711 rows x 3 columns]
      peak_pos   onset  diastolic_notch
0          374   329.0            414.0
1          565   519.0            605.0
2          748   704.0            789.0
3          932   887.0            972.0
4         1109  1066.0           1148.0
...        ...     ...              ...
1434    448908     NaN              NaN
1435    449135     NaN              NaN
1436    449360     NaN              NaN
1437    449562     NaN              NaN
1438    449806     NaN              NaN

[1439 rows x 3 columns]
      peak_pos     onset  diastolic_notch
0          352     310.0            392.0
1          530     487.0            570.0
2          703     661.0            741.0
3          885     840.0            925.0
4         1060    1018.0           1100.0
...        ...       ...              ...
1903    447559  447610.0         447688.0
1904    448248  448189.0         448318.0
1905    448786       NaN              NaN
1906    448923       NaN              NaN
1907    449833       NaN              NaN

[1908 rows x 3 columns]
      peak_pos   onset  diastolic_notch
0          220       1              308
1          921     867              974
2         1151    1096             1204
3         1377    1323             1429
4         1603    1549             1655
...        ...     ...              ...
1164    443130  443072           443183
1165    443364  443308           443417
1166    443603  443545           443658
1167    443842  443786           443899
1168    444082  444370           444512

[1169 rows x 3 columns]
      peak_pos   onset  diastolic_notch
0          238     0.0            285.0
1          474   389.0            513.0
2          707   620.0            804.0
3          939   887.0            999.0
4         1200  1109.0           1244.0
...        ...     ...              ...
1634    449031     NaN              NaN
1635    449265     NaN              NaN
1636    449504     NaN              NaN
1637    449740     NaN              NaN
1638    449966     NaN              NaN

[1639 rows x 3 columns]
      peak_pos   onset  diastolic_notch
0          275     0.0            327.0
1          565   488.0            613.0
2          853   777.0            901.0
3         1137  1062.0           1191.0
4         1410  1337.0           1456.0
...        ...     ...              ...
1377    447768     NaN              NaN
1378    447937     NaN              NaN
1379    448116     NaN              NaN
1380    448281     NaN              NaN
1381    448455     NaN              NaN

[1382 rows x 3 columns]
      peak_pos  onset  diastolic_notch
0          193    0.0            231.0
1          395  340.0            433.0
2          592  537.0            629.0
3          791  736.0            830.0
4          994  938.0           1032.0
...        ...    ...              ...
1837    449170    NaN              NaN
1838    449342    NaN              NaN
1839    449514    NaN              NaN
1840    449686    NaN              NaN
1841    449856    NaN              NaN

[1842 rows x 3 columns]
      peak_pos   onset  diastolic_notch
0          306   269.0            349.0
1          461   420.0            512.0
2          781   883.0            980.0
3          939   883.0            980.0
4         1091  1035.0           1119.0
...        ...     ...              ...
2000    449344     NaN              NaN
2001    449494     NaN              NaN
2002    449640     NaN              NaN
2003    449787     NaN              NaN
2004    449931     NaN              NaN

[2005 rows x 3 columns]
      peak_pos   onset  diastolic_notch
0          463   402.0            504.0
1          686   625.0            727.0
2          914   852.0            958.0
3         1150  1086.0           1192.0
4         1389  1324.0           1431.0
...        ...     ...              ...
1765    449241     NaN              NaN
1766    449425     NaN              NaN
1767    449611     NaN              NaN
1768    449793     NaN              NaN
1769    449981     NaN              NaN

[1770 rows x 3 columns]
      peak_pos     onset  diastolic_notch
0          469     406.0            510.0
1          699     636.0            740.0
2          928     866.0            972.0
3         1162    1098.0           1203.0
4         1403    1338.0           1445.0
...        ...       ...              ...
1360    448344  448282.0              NaN
1361    448557       NaN              NaN
1362    448772       NaN              NaN
1363    448978       NaN              NaN
1364    449182       NaN              NaN

[1365 rows x 3 columns]
      peak_pos     onset  diastolic_notch
0          496     742.0            858.0
1         3032    2970.0           3090.0
2         3284    3224.0           3341.0
3         3536    3475.0           3593.0
4         3789    3728.0           3847.0
...        ...       ...              ...
1108    447094  447033.0         447152.0
1109    449046       NaN              NaN
1110    449206       NaN              NaN
1111    449761       NaN              NaN
1112    449970       NaN              NaN

[1113 rows x 3 columns]
      peak_pos     onset  diastolic_notch
0          226       0.0            273.0
1          458     404.0            503.0
2          691     636.0            737.0
3          929     873.0            978.0
4         1170    1113.0           1216.0
...        ...       ...              ...
1472    447306  447243.0         447356.0
1473    448992       NaN              NaN
1474    449248       NaN              NaN
1475    449577       NaN              NaN
1476    449793       NaN              NaN

[1477 rows x 3 columns]
      peak_pos     onset  diastolic_notch
0          388     341.0            433.0
1          583     536.0            629.0
2          781     733.0            827.0
3          980     932.0           1026.0
4         1177    1130.0           1224.0
...        ...       ...              ...
1872    447125  447211.0         447335.0
1873    447463  447679.0         447794.0
1874    447617  447679.0         447794.0
1875    449499       NaN              NaN
1876    449804       NaN              NaN

[1877 rows x 3 columns]
      peak_pos   onset  diastolic_notch
0          322   282.0            360.0
1          982   941.0           1016.0
2         1150  1109.0           1185.0
3         1318  1277.0           1357.0
4         1491  1449.0           1531.0
...        ...     ...              ...
1858    449333     NaN              NaN
1859    449496     NaN              NaN
1860    449658     NaN              NaN
1861    449820     NaN              NaN
1862    449981     NaN              NaN

[1863 rows x 3 columns]
      peak_pos   onset  diastolic_notch
0          408   425.0            548.0
1          602   704.0            837.0
2         1355  1381.0           1445.0
3         1553  1514.0           1590.0
4         2121  2076.0           2165.0
...        ...     ...              ...
1794    449120     NaN              NaN
1795    449302     NaN              NaN
1796    449486     NaN              NaN
1797    449672     NaN              NaN
1798    449853     NaN              NaN

[1799 rows x 3 columns]
      peak_pos   onset  diastolic_notch
0          371   336.0            406.0
1          571   526.0            645.0
2          748   705.0            802.0
3          934   902.0            973.0
4         1117  1085.0           1185.0
...        ...     ...              ...
1412    448561     NaN              NaN
1413    448812     NaN              NaN
1414    449058     NaN              NaN
1415    449300     NaN              NaN
1416    449543     NaN              NaN

[1417 rows x 3 columns]
      peak_pos   onset  diastolic_notch
0          202     0.0            245.0
1          407   359.0            450.0
2          607   560.0            764.0
3          810   881.0            998.0
4         1009  1165.0           1245.0
...        ...     ...              ...
1714    449046     NaN              NaN
1715    449239     NaN              NaN
1716    449436     NaN              NaN
1717    449635     NaN              NaN
1718    449844     NaN              NaN

[1719 rows x 3 columns]
      peak_pos     onset  diastolic_notch
0          727     694.0            772.0
1         1009    1201.0           1305.0
2         1247    1201.0           1305.0
3         1763    1714.0           1803.0
4         2013    1955.0           2076.0
...        ...       ...              ...
1205    445212  445419.0         445510.0
1206    447025  447054.0         447142.0
1207    448309  448271.0         448337.0
1208    448587       NaN              NaN
1209    449935       NaN              NaN

[1210 rows x 3 columns]
      peak_pos   onset  diastolic_notch
0          436   383.0            486.0
1          656   603.0            699.0
2          881   903.0            982.0
3         1113  1046.0           1184.0
4         1550  1518.0           1591.0
...        ...     ...              ...
1697    448813     NaN              NaN
1698    449028     NaN              NaN
1699    449242     NaN              NaN
1700    449662     NaN              NaN
1701    449896     NaN              NaN

[1702 rows x 3 columns]
      peak_pos     onset  diastolic_notch
0          397     350.0            439.0
1          590     544.0            631.0
2          783     737.0            825.0
3          987     938.0           1030.0
4         1181    1135.0           1223.0
...        ...       ...              ...
1666    448230  448295.0              NaN
1667    448428       NaN              NaN
1668    448818       NaN              NaN
1669    449027       NaN              NaN
1670    449953       NaN              NaN

[1671 rows x 3 columns]
      peak_pos     onset  diastolic_notch
0          353     310.0            395.0
1          531     487.0            573.0
2          713     668.0            756.0
3          895     850.0            938.0
4         1062    1022.0           1101.0
...        ...       ...              ...
1387    448405  448362.0              NaN
1388    448572       NaN              NaN
1389    448739       NaN              NaN
1390    448925       NaN              NaN
1391    449981       NaN              NaN

[1392 rows x 3 columns]
      peak_pos   onset  diastolic_notch
0          334     6.0           1006.0
1          498     6.0           1006.0
2          661     6.0           1006.0
3         2014  2190.0           2315.0
4         5874  5970.0           6084.0
...        ...     ...              ...
2225    449345     NaN              NaN
2226    449498     NaN              NaN
2227    449597     NaN              NaN
2228    449783     NaN              NaN
2229    449939     NaN              NaN

[2230 rows x 3 columns]
      peak_pos   onset  diastolic_notch
0          343   299.0            385.0
1          519   476.0            560.0
2          703   658.0            747.0
3          887   842.0            931.0
4         1073  1027.0           1116.0
...        ...     ...              ...
1661    448951     NaN              NaN
1662    449095     NaN              NaN
1663    449689     NaN              NaN
1664    449826     NaN              NaN
1665    449962     NaN              NaN

[1666 rows x 3 columns]
      peak_pos  onset  diastolic_notch
0          146    0.0            178.0
1          295  258.0            333.0
2          437  402.0            474.0
3          583  545.0            615.0
4          726  689.0            762.0
...        ...    ...              ...
1966    449000    NaN              NaN
1967    449152    NaN              NaN
1968    449305    NaN              NaN
1969    449453    NaN              NaN
1970    449596    NaN              NaN

[1971 rows x 3 columns]
      peak_pos   onset  diastolic_notch
0          212     1.0            339.0
1          430   438.0            547.0
2          960   988.0           1089.0
3         1153  1258.0           1407.0
4         1493  1633.0           1729.0
...        ...     ...              ...
1809    448764     NaN              NaN
1810    449002     NaN              NaN
1811    449310     NaN              NaN
1812    449389     NaN              NaN
1813    449910     NaN              NaN

[1814 rows x 3 columns]
      peak_pos     onset  diastolic_notch
0          178       0.0            214.0
1          361     311.0            397.0
2          541     491.0            577.0
3          719     669.0            755.0
4          896     847.0            931.0
...        ...       ...              ...
1324    445838  445852.0         445962.0
1325    448148  448260.0         448367.0
1326    448918       NaN              NaN
1327    449712       NaN              NaN
1328    449881       NaN              NaN

[1329 rows x 3 columns]
     peak_pos   onset  diastolic_notch
0         164     0.0            198.0
1         330   284.0            363.0
2         804   734.0            846.0
3        1146  1100.0           1197.0
4        1341  1271.0           1411.0
..        ...     ...              ...
510    449302     NaN              NaN
511    449458     NaN              NaN
512    449615     NaN              NaN
513    449773     NaN              NaN
514    449932     NaN              NaN

[515 rows x 3 columns]
      peak_pos   onset  diastolic_notch
0          451   389.0            492.0
1          682   619.0            723.0
2          911   850.0           1056.0
3         1610  1661.0           1732.0
4         2853  2875.0           2975.0
...        ...     ...              ...
1338    448504     NaN              NaN
1339    448710     NaN              NaN
1340    449309     NaN              NaN
1341    449711     NaN              NaN
1342    449961     NaN              NaN

[1343 rows x 3 columns]
      peak_pos     onset  diastolic_notch
0          847     878.0            990.0
1         1985    2102.0           2187.0
2         2276    2246.0           2357.0
3         2835    2762.0           2867.0
4         3116    3322.0           3451.0
...        ...       ...              ...
1145    447794  448045.0         448170.0
1146    449034       NaN              NaN
1147    449330       NaN              NaN
1148    449633       NaN              NaN
1149    449921       NaN              NaN

[1150 rows x 3 columns]
      peak_pos     onset  diastolic_notch
0          121       0.0            154.0
1          248     215.0            280.0
2          372     339.0            403.0
3          496     463.0            527.0
4          620     587.0            651.0
...        ...       ...              ...
2156    446951  447092.0         447178.0
2157    447791  447813.0         447865.0
2158    448052  447988.0         448072.0
2159    448386       NaN              NaN
2160    448658       NaN              NaN

[2161 rows x 3 columns]
      peak_pos   onset  diastolic_notch
0          218       0            260.0
1          445     386            625.0
2          725     836            935.0
3          895     836            935.0
4         1122    1060           1294.0
...        ...     ...              ...
1162    440829  441491         441590.0
1163    441074  441491         441590.0
1164    441317  441491         441590.0
1165    446686  446639         446727.0
1166    448272  448207              NaN

[1167 rows x 3 columns]
      peak_pos   onset  diastolic_notch
0          449   387.0            489.0
1          679   616.0            720.0
2          910   847.0            954.0
3         1137  1076.0           1178.0
4         1359  1299.0           1399.0
...        ...     ...              ...
1724    449048     NaN              NaN
1725    449248     NaN              NaN
1726    449455     NaN              NaN
1727    449662     NaN              NaN
1728    449871     NaN              NaN

[1729 rows x 3 columns]
      peak_pos  onset  diastolic_notch
0          329  288.0            368.0
1          492  452.0            531.0
2          656  616.0            696.0
3          824  782.0            864.0
4          985  945.0           1023.0
...        ...    ...              ...
1843    449196    NaN              NaN
1844    449388    NaN              NaN
1845    449576    NaN              NaN
1846    449766    NaN              NaN
1847    449961    NaN              NaN

[1848 rows x 3 columns]
      peak_pos     onset  diastolic_notch
0          447     394.0            492.0
1          671     619.0            716.0
2          901     847.0            948.0
3         1125    1072.0           1170.0
4         1352    1299.0           1397.0
...        ...       ...              ...
1231    448395  448374.0              NaN
1232    448600       NaN              NaN
1233    448819       NaN              NaN
1234    449289       NaN              NaN
1235    449541       NaN              NaN

[1236 rows x 3 columns]
      peak_pos   onset  diastolic_notch
0          372   327.0            413.0
1          932   904.0            990.0
2         1125  1079.0           1165.0
3         1315  1269.0           1356.0
4         1505  1459.0           1545.0
...        ...     ...              ...
1764    449057     NaN              NaN
1765    449268     NaN              NaN
1766    449474     NaN              NaN
1767    449674     NaN              NaN
1768    449882     NaN              NaN

[1769 rows x 3 columns]
      peak_pos   onset  diastolic_notch
0          449   397.0            494.0
1          667   616.0            711.0
2          890   837.0            936.0
3         1112  1060.0           1156.0
4         1334  1282.0           1378.0
...        ...     ...              ...
1379    448658     NaN              NaN
1380    448880     NaN              NaN
1381    449106     NaN              NaN
1382    449333     NaN              NaN
1383    449556     NaN              NaN

[1384 rows x 3 columns]
      peak_pos   onset  diastolic_notch
0          494   434.0            551.0
1          743   684.0            800.0
2          995   935.0           1052.0
3         1241  1182.0           1297.0
4         1486  1428.0           1530.0
...        ...     ...              ...
1701    449117     NaN              NaN
1702    449324     NaN              NaN
1703    449528     NaN              NaN
1704    449733     NaN              NaN
1705    449932     NaN              NaN

[1706 rows x 3 columns]
      peak_pos   onset  diastolic_notch
0          428   377.0            477.0
1          636   586.0            684.0
2          858   804.0            910.0
3         1078  1025.0           1128.0
4         1302  1249.0           1354.0
...        ...     ...              ...
1721    448959     NaN              NaN
1722    449127     NaN              NaN
1723    449310     NaN              NaN
1724    449491     NaN              NaN
1725    449674     NaN              NaN

[1726 rows x 3 columns]
      peak_pos   onset  diastolic_notch
0          180     2.0            286.0
1          862   977.0           1062.0
2         1180  1142.0           1219.0
3         1347  1305.0           1386.0
4         1522  1478.0           1563.0
...        ...     ...              ...
1302    449370     NaN              NaN
1303    449507     NaN              NaN
1304    449641     NaN              NaN
1305    449775     NaN              NaN
1306    449912     NaN              NaN

[1307 rows x 3 columns]
      peak_pos     onset  diastolic_notch
0          205       0.0            246.0
1          428     347.0            466.0
2          632     556.0            669.0
3          847     767.0            887.0
4         1055     978.0           1091.0
...        ...       ...              ...
1489    446637  446690.0         446798.0
1490    447691  447844.0         447923.0
1491    447899  448190.0              NaN
1492    448482       NaN              NaN
1493    449554       NaN              NaN

[1494 rows x 3 columns]
      peak_pos   onset  diastolic_notch
0          392   345.0            437.0
1          590   542.0            636.0
2          784   738.0            830.0
3          970   925.0           1013.0
4         1146  1103.0           1187.0
...        ...     ...              ...
1438    449147     NaN              NaN
1439    449322     NaN              NaN
1440    449508     NaN              NaN
1441    449700     NaN              NaN
1442    449876     NaN              NaN

[1443 rows x 3 columns]
