      peak_pos  onset  diastolic_notch
0           80    0.0            105.0
1          163  136.0            188.0
2          246  218.0            270.0
3          329  300.0            353.0
4          393  373.0            421.0
...        ...    ...              ...
1965    229633    NaN              NaN
1966    229708    NaN              NaN
1967    229902    NaN              NaN
1968    229986    NaN              NaN
1969    230044    NaN              NaN

[1970 rows x 3 columns]
      peak_pos     onset  diastolic_notch
0           67       0.0             89.0
1          289     265.0            304.0
2          597     665.0            719.0
3          792     773.0            808.0
4         1269    1414.0           1472.0
...        ...       ...              ...
1542    229339  229320.0         229360.0
1543    229544  229518.0              NaN
1544    229634       NaN              NaN
1545    230022       NaN              NaN
1546    230115       NaN              NaN

[1547 rows x 3 columns]
      peak_pos     onset  diastolic_notch
0          104       0.0            135.0
1          213     178.0            242.0
2          320     284.0            347.0
3          427     391.0            456.0
4          533     497.0            560.0
...        ...       ...              ...
1336    229193  229152.0         229225.0
1337    229316  229276.0         229348.0
1338    229434  229395.0         229466.0
1339    229556  229517.0              NaN
1340    229812       NaN              NaN

[1341 rows x 3 columns]
     peak_pos   onset  diastolic_notch
0          57       1              275
1         197       1              275
2         296     466              511
3         394     466              511
4         966     944              985
..        ...     ...              ...
941    225621  226034           226108
942    225762  226034           226108
943    226172  226197           226270
944    228386  228405           228469
945    229414  229437           229521

[946 rows x 3 columns]
      peak_pos     onset  diastolic_notch
0           95       0.0            120.0
1          154     137.0            189.0
2          291     249.0            326.0
3          388     357.0            408.0
4          452     430.0            518.0
...        ...       ...              ...
1960    229151  229132.0         229212.0
1961    229267  229301.0         229368.0
1962    229947       NaN              NaN
1963    230038       NaN              NaN
1964    230106       NaN              NaN

[1965 rows x 3 columns]
      peak_pos     onset  diastolic_notch
0          204     176.0            223.0
1          305     277.0            323.0
2          408     379.0            428.0
3          509     481.0            528.0
4          613     584.0            632.0
...        ...       ...              ...
1645    229511  229453.0              NaN
1646    229584       NaN              NaN
1647    229778       NaN              NaN
1648    229861       NaN              NaN
1649    230061       NaN              NaN

[1650 rows x 3 columns]
      peak_pos  onset  diastolic_notch
0          110    0.0            131.0
1          173  155.0            199.0
2          282  243.0            301.0
3          392  352.0            412.0
4          461  439.0            486.0
...        ...    ...              ...
2221    229702    NaN              NaN
2222    229820    NaN              NaN
2223    229931    NaN              NaN
2224    229979    NaN              NaN
2225    230086    NaN              NaN

[2226 rows x 3 columns]
      peak_pos     onset  diastolic_notch
0          103       0.0            134.0
1          211     175.0            233.0
2          312     277.0            347.0
3          402     371.0            450.0
4          517     481.0            528.0
...        ...       ...              ...
1856    229253  229219.0         229282.0
1857    229356  229321.0         229384.0
1858    229455  229424.0         229486.0
1859    229674       NaN              NaN
1860    230000       NaN              NaN

[1861 rows x 3 columns]
      peak_pos  onset  diastolic_notch
0          167  253.0            302.0
1          291  253.0            302.0
2          393  539.0            579.0
3          454  539.0            579.0
4          661  625.0            680.0
...        ...    ...              ...
1723    229712    NaN              NaN
1724    229809    NaN              NaN
1725    229882    NaN              NaN
1726    229981    NaN              NaN
1727    230073    NaN              NaN

[1728 rows x 3 columns]
      peak_pos   onset  diastolic_notch
0          503   451.0            522.0
1          786   827.0            884.0
2         1222  1418.0           1471.0
3         1282  1418.0           1471.0
4         1358  1418.0           1471.0
...        ...     ...              ...
1814    229696     NaN              NaN
1815    229760     NaN              NaN
1816    229926     NaN              NaN
1817    229979     NaN              NaN
1818    230059     NaN              NaN

[1819 rows x 3 columns]
      peak_pos     onset  diastolic_notch
0          113       0.0            142.0
1          179     161.0            214.0
2          315     285.0            330.0
3          531     542.0            603.0
4          747     809.0            863.0
...        ...       ...              ...
1561    229459  229417.0         229492.0
1562    229589  229546.0              NaN
1563    229716       NaN              NaN
1564    229849       NaN              NaN
1565    229938       NaN              NaN

[1566 rows x 3 columns]
      peak_pos     onset  diastolic_notch
0          252     224.0            326.0
1          520     534.0            578.0
2          663     607.0            673.0
3          872     892.0            942.0
4         1117    1087.0           1144.0
...        ...       ...              ...
1231    229291  229254.0         229330.0
1232    229454  229417.0              NaN
1233    229623       NaN              NaN
1234    229800       NaN              NaN
1235    229978       NaN              NaN

[1236 rows x 3 columns]
      peak_pos     onset  diastolic_notch
0          138       0.0            167.0
1          289     317.0            417.0
2         1012    1016.0           1083.0
3         1412    1398.0           1503.0
4         1566    1585.0           1665.0
...        ...       ...              ...
1248    227804  227771.0         227829.0
1249    227949  227916.0         227976.0
1250    228088  228056.0         228114.0
1251    229313  229369.0         229429.0
1252    229586       NaN              NaN

[1253 rows x 3 columns]
      peak_pos  onset  diastolic_notch
0           77    0.0            102.0
1          161  133.0            220.0
2          324  378.0            461.0
3          406  378.0            461.0
4          488  533.0            599.0
...        ...    ...              ...
2202    229846    NaN              NaN
2203    229921    NaN              NaN
2204    229991    NaN              NaN
2205    230066    NaN              NaN
2206    230141    NaN              NaN

[2207 rows x 3 columns]
      peak_pos     onset  diastolic_notch
0          261       6.0            743.0
1          391       6.0            743.0
2         1847    1922.0           2072.0
3         1949    1922.0           2072.0
4         3059    3043.0           3078.0
...        ...       ...              ...
1102    229283  229252.0         229302.0
1103    229394  229363.0         229506.0
1104    229506  229578.0              NaN
1105    229828       NaN              NaN
1106    229932       NaN              NaN

[1107 rows x 3 columns]
      peak_pos     onset  diastolic_notch
0          153     136.0            173.0
1          239     218.0            299.0
2          306     352.0            409.0
3          461     517.0            573.0
4          604     665.0            723.0
...        ...       ...              ...
1702    227615  227714.0         227767.0
1703    227908  228001.0         228076.0
1704    229227  229178.0         229252.0
1705    229940       NaN              NaN
1706    230123       NaN              NaN

[1707 rows x 3 columns]
      peak_pos     onset  diastolic_notch
0          125     190.0            251.0
1          265     354.0            405.0
2          477     455.0            513.0
3          528     618.0            670.0
4          738     717.0            774.0
...        ...       ...              ...
2223    229448  229490.0         229547.0
2224    229616  229587.0              NaN
2225    229771       NaN              NaN
2226    229935       NaN              NaN
2227    230021       NaN              NaN

[2228 rows x 3 columns]
      peak_pos     onset  diastolic_notch
0          114       0.0            136.0
1          231     188.0            250.0
2          352     307.0            373.0
3          477     431.0            499.0
4          599     554.0            620.0
...        ...       ...              ...
1485    229375  229333.0         229388.0
1486    229473  229437.0         229501.0
1487    229725       NaN              NaN
1488    229864       NaN              NaN
1489    229982       NaN              NaN

[1490 rows x 3 columns]
      peak_pos     onset  diastolic_notch
0           85       0.0            101.0
1          167     145.0            185.0
2          250     226.0            267.0
3          335     311.0            352.0
4          420     396.0            437.0
...        ...       ...              ...
1637    225800  225812.0         225842.0
1638    226310  226335.0         226378.0
1639    229088  229088.0         229135.0
1640    229172  229184.0         229228.0
1641    230110       NaN              NaN

[1642 rows x 3 columns]
      peak_pos  onset  diastolic_notch
0           55    0.0             67.0
1          111   94.0            144.0
2          172  154.0            206.0
3          237  218.0            251.0
4          296  279.0            336.0
...        ...    ...              ...
2501    229947    NaN              NaN
2502    230009    NaN              NaN
2503    230082    NaN              NaN
2504    230163    NaN              NaN
2505    230240    NaN              NaN

[2506 rows x 3 columns]
      peak_pos   onset  diastolic_notch
0          169   227.0            277.0
1         1530  1547.0           1601.0
2         1864  1910.0           1962.0
3         2298  2351.0           2415.0
4         2553  2534.0           2571.0
...        ...     ...              ...
1790    229719     NaN              NaN
1791    229818     NaN              NaN
1792    229910     NaN              NaN
1793    230003     NaN              NaN
1794    230099     NaN              NaN

[1795 rows x 3 columns]
      peak_pos     onset  diastolic_notch
0          108       0.0            129.0
1          219     179.0            238.0
2          335     292.0            354.0
3          448     406.0            468.0
4          557     516.0            576.0
...        ...       ...              ...
1484    229213  229228.0         229278.0
1485    229354  229394.0         229454.0
1486    229493  229478.0              NaN
1487    229771       NaN              NaN
1488    229924       NaN              NaN

[1489 rows x 3 columns]
      peak_pos     onset  diastolic_notch
0          228     200.0            254.0
1          343     315.0            369.0
2          458     430.0            483.0
3          694     651.0            708.0
4          794     862.0            907.0
...        ...       ...              ...
1224    229520  229540.0              NaN
1225    229644       NaN              NaN
1226    229769       NaN              NaN
1227    229891       NaN              NaN
1228    230013       NaN              NaN

[1229 rows x 3 columns]
      peak_pos     onset  diastolic_notch
0         1472    1404.0           1489.0
1         1632    1612.0           1650.0
2         1714    1693.0           1731.0
3         1959    1938.0           1977.0
4         2042    2021.0           2058.0
...        ...       ...              ...
2013    229464  229441.0         229485.0
2014    229561  229538.0              NaN
2015    229656       NaN              NaN
2016    229753       NaN              NaN
2017    229945       NaN              NaN

[2018 rows x 3 columns]
      peak_pos     onset  diastolic_notch
0          184     161.0            206.0
1          278     255.0            300.0
2          373     350.0            396.0
3          562     545.0            592.0
4          766     726.0            783.0
...        ...       ...              ...
1913    229065  229042.0         229087.0
1914    229158  229136.0         229180.0
1915    229353  229328.0         229367.0
1916    229450  229426.0         229472.0
1917    229645       NaN              NaN

[1918 rows x 3 columns]
      peak_pos  onset  diastolic_notch
0          146  127.0            164.0
1          222  202.0            239.0
2          294  276.0            311.0
3          351  417.0            476.0
4          434  417.0            476.0
...        ...    ...              ...
1794    229731    NaN              NaN
1795    229804    NaN              NaN
1796    229877    NaN              NaN
1797    229950    NaN              NaN
1798    230007    NaN              NaN

[1799 rows x 3 columns]
      peak_pos  onset  diastolic_notch
0           57    0.0             81.0
1          202  164.0            226.0
2          303  277.0            322.0
3          405  376.0            422.0
4          460  444.0            484.0
...        ...    ...              ...
1889    229643    NaN              NaN
1890    229789    NaN              NaN
1891    229891    NaN              NaN
1892    229994    NaN              NaN
1893    230049    NaN              NaN

[1894 rows x 3 columns]
      peak_pos  onset  diastolic_notch
0          126    0.0            150.0
1          262  212.0            285.0
2          392  345.0            415.0
3          523  475.0            546.0
4          654  606.0            677.0
...        ...    ...              ...
1232    229492    NaN              NaN
1233    229620    NaN              NaN
1234    229758    NaN              NaN
1235    229892    NaN              NaN
1236    230031    NaN              NaN

[1237 rows x 3 columns]
      peak_pos     onset  diastolic_notch
0          192     168.0            214.0
1          492     544.0            603.0
2          675     684.0            735.0
3          789     800.0            843.0
4          880     892.0            958.0
...        ...       ...              ...
1443    229466  229478.0              NaN
1444    229577       NaN              NaN
1445    229691       NaN              NaN
1446    229808       NaN              NaN
1447    230085       NaN              NaN

[1448 rows x 3 columns]
      peak_pos     onset  diastolic_notch
0          187     165.0            205.0
1          274     249.0            292.0
2          341     322.0            361.0
3          440     412.0            458.0
4          526     502.0            544.0
...        ...       ...              ...
1768    228468  228441.0         228487.0
1769    229645       NaN              NaN
1770    229931       NaN              NaN
1771    230040       NaN              NaN
1772    230161       NaN              NaN

[1773 rows x 3 columns]
      peak_pos  onset  diastolic_notch
0          204  176.0            223.0
1          308  279.0            327.0
2          412  383.0            432.0
3          497  474.0            519.0
4          622  589.0            671.0
...        ...    ...              ...
1603    229660    NaN              NaN
1604    229736    NaN              NaN
1605    229868    NaN              NaN
1606    229970    NaN              NaN
1607    230077    NaN              NaN

[1608 rows x 3 columns]
      peak_pos     onset  diastolic_notch
0          109       0.0            129.0
1          222     191.0            242.0
2          338     306.0            358.0
3          450     419.0            471.0
4          562     532.0            582.0
...        ...       ...              ...
1620    228641  228619.0         228650.0
1621    228884  228958.0         229004.0
1622    229459  229459.0         229520.0
1623    229695       NaN              NaN
1624    229930       NaN              NaN

[1625 rows x 3 columns]
      peak_pos  onset  diastolic_notch
0          104  190.0            294.0
1          156  190.0            294.0
2          205  190.0            294.0
3          257  190.0            294.0
4          308  447.0            503.0
...        ...    ...              ...
3081    229961    NaN              NaN
3082    230018    NaN              NaN
3083    230077    NaN              NaN
3084    230136    NaN              NaN
3085    230195    NaN              NaN

[3086 rows x 3 columns]
      peak_pos     onset  diastolic_notch
0          237     220.0            259.0
1          430     407.0            467.0
2          576     548.0            612.0
3          653     751.0            803.0
4         1013    1043.0           1116.0
...        ...       ...              ...
1326    229368  229337.0         229397.0
1327    229498  229467.0              NaN
1328    229629       NaN              NaN
1329    229763       NaN              NaN
1330    229897       NaN              NaN

[1331 rows x 3 columns]
      peak_pos     onset  diastolic_notch
0          373     343.0            401.0
1          500     470.0            529.0
2          627     597.0            656.0
3          754     724.0            783.0
4          890     858.0            921.0
...        ...       ...              ...
1299    228535  228588.0         228642.0
1300    228669  228760.0         228812.0
1301    228777  228760.0         228812.0
1302    229334  229294.0         229342.0
1303    229887       NaN              NaN

[1304 rows x 3 columns]
      peak_pos     onset  diastolic_notch
0           71       0.0             86.0
1          347     409.0            450.0
2          433     409.0            450.0
3          509     487.0            538.0
4          549     625.0            693.0
...        ...       ...              ...
2064    228980  229033.0         229109.0
2065    229231  229203.0         229248.0
2066    229465  229512.0              NaN
2067    229740       NaN              NaN
2068    229916       NaN              NaN

[2069 rows x 3 columns]
      peak_pos     onset  diastolic_notch
0          119       0.0            141.0
1          240     207.0            261.0
2          361     328.0            382.0
3          482     449.0            505.0
4          603     570.0            624.0
...        ...       ...              ...
1482    229478  229441.0         229514.0
1483    229607  229565.0              NaN
1484    229761       NaN              NaN
1485    229898       NaN              NaN
1486    230167       NaN              NaN

[1487 rows x 3 columns]
      peak_pos  onset  diastolic_notch
0           79    1.0            164.0
1          150    1.0            164.0
2          242  356.0            408.0
3          392  356.0            408.0
4          966  998.0           1060.0
...        ...    ...              ...
2321    229840    NaN              NaN
2322    229918    NaN              NaN
2323    229996    NaN              NaN
2324    230073    NaN              NaN
2325    230150    NaN              NaN

[2326 rows x 3 columns]
      peak_pos     onset  diastolic_notch
0          110       1.0            184.0
1          229     278.0            323.0
2          742     749.0            779.0
3         1264    1226.0           1285.0
4         1366    1329.0           1383.0
...        ...       ...              ...
1555    229202  229285.0         229339.0
1556    229433  229417.0         229440.0
1557    229648       NaN              NaN
1558    229773       NaN              NaN
1559    229843       NaN              NaN

[1560 rows x 3 columns]
      peak_pos  onset  diastolic_notch
0          130    0.0            155.0
1          266  217.0            289.0
2          399  350.0            422.0
3          542  513.0            554.0
4          794  802.0            833.0
...        ...    ...              ...
2879    229628    NaN              NaN
2880    229769    NaN              NaN
2881    229898    NaN              NaN
2882    229993    NaN              NaN
2883    230092    NaN              NaN

[2884 rows x 3 columns]
      peak_pos  onset  diastolic_notch
0          167  146.0            202.0
1          215  292.0            339.0
2          406  386.0            426.0
3          490  469.0            526.0
4          539  615.0            661.0
...        ...    ...              ...
2090    229726    NaN              NaN
2091    229823    NaN              NaN
2092    229969    NaN              NaN
2093    230050    NaN              NaN
2094    230140    NaN              NaN

[2095 rows x 3 columns]
      peak_pos   onset  diastolic_notch
0          258   236.0            294.0
1          517   624.0            669.0
2          605   624.0            669.0
3          863   836.0            902.0
4         1123  1179.0           1234.0
...        ...     ...              ...
1443    229686     NaN              NaN
1444    229774     NaN              NaN
1445    229859     NaN              NaN
1446    229948     NaN              NaN
1447    230041     NaN              NaN

[1448 rows x 3 columns]
      peak_pos     onset  diastolic_notch
0           94       0.0            114.0
1          198     160.0            215.0
2          299     261.0            316.0
3          371     346.0            396.0
4          496     451.0            517.0
...        ...       ...              ...
2244    229421  229433.0         229492.0
2245    229624  229586.0              NaN
2246    229928       NaN              NaN
2247    229961       NaN              NaN
2248    230102       NaN              NaN

[2249 rows x 3 columns]
      peak_pos     onset  diastolic_notch
0          224     196.0            250.0
1          336     310.0            362.0
2          447     420.0            472.0
3          561     533.0            587.0
4          674     647.0            700.0
...        ...       ...              ...
1474    229018  229110.0         229164.0
1475    229469  229551.0              NaN
1476    229623       NaN              NaN
1477    229848       NaN              NaN
1478    229968       NaN              NaN

[1479 rows x 3 columns]
      peak_pos  onset  diastolic_notch
0          100    0.0            129.0
1          183  158.0            244.0
2          272  329.0            377.0
3          871  983.0           1043.0
4         1028  983.0           1043.0
...        ...    ...              ...
1903    229762    NaN              NaN
1904    229853    NaN              NaN
1905    229955    NaN              NaN
1906    230054    NaN              NaN
1907    230154    NaN              NaN

[1908 rows x 3 columns]
      peak_pos     onset  diastolic_notch
0          100       0.0            130.0
1          210     174.0            240.0
2          314     280.0            342.0
3          417     382.0            450.0
4          521     486.0            551.0
...        ...       ...              ...
1823    229526  229482.0              NaN
1824    229654       NaN              NaN
1825    229770       NaN              NaN
1826    229887       NaN              NaN
1827    230002       NaN              NaN

[1828 rows x 3 columns]
      peak_pos   onset  diastolic_notch
0          834   798.0            880.0
1         1206  1350.0           1392.0
2         2204  2224.0           2295.0
3         3766  3716.0           3810.0
4         3830  3940.0           4028.0
...        ...     ...              ...
1333    229588     NaN              NaN
1334    229696     NaN              NaN
1335    229833     NaN              NaN
1336    229904     NaN              NaN
1337    230078     NaN              NaN

[1338 rows x 3 columns]
      peak_pos   onset  diastolic_notch
0          156   255.0            309.0
1          273   255.0            309.0
2          682   770.0            865.0
3          975   918.0            991.0
4         1047  1105.0           1185.0
...        ...     ...              ...
1961    229628     NaN              NaN
1962    229728     NaN              NaN
1963    229794     NaN              NaN
1964    229975     NaN              NaN
1965    230042     NaN              NaN

[1966 rows x 3 columns]
      peak_pos  onset  diastolic_notch
0          101    0.0            121.0
1          212  171.0            231.0
2          321  281.0            340.0
3          434  392.0            454.0
4          547  505.0            581.0
...        ...    ...              ...
1730    229720    NaN              NaN
1731    229788    NaN              NaN
1732    229900    NaN              NaN
1733    229963    NaN              NaN
1734    230052    NaN              NaN

[1735 rows x 3 columns]
      peak_pos  onset  diastolic_notch
0          195  172.0            216.0
1          291  268.0            311.0
2          480  462.0            504.0
3          778  753.0            797.0
4          874  851.0            894.0
...        ...    ...              ...
1700    229620    NaN              NaN
1701    229726    NaN              NaN
1702    229835    NaN              NaN
1703    229915    NaN              NaN
1704    230126    NaN              NaN

[1705 rows x 3 columns]
      peak_pos   onset  diastolic_notch
0         2770  3154.0           3211.0
1         2878  3154.0           3211.0
2         2984  3154.0           3211.0
3         3089  3154.0           3211.0
4         3193  3154.0           3211.0
...        ...     ...              ...
1862    229565     NaN              NaN
1863    229673     NaN              NaN
1864    229738     NaN              NaN
1865    229911     NaN              NaN
1866    230073     NaN              NaN

[1867 rows x 3 columns]
      peak_pos  onset  diastolic_notch
0           59    0.0             79.0
1          185  151.0            207.0
2          274  251.0            292.0
3          360  335.0            376.0
4          444  420.0            462.0
...        ...    ...              ...
1720    229810    NaN              NaN
1721    229903    NaN              NaN
1722    229995    NaN              NaN
1723    230087    NaN              NaN
1724    230181    NaN              NaN

[1725 rows x 3 columns]
      peak_pos     onset  diastolic_notch
0          105       0.0            125.0
1          215     175.0            233.0
2          321     281.0            339.0
3          431     389.0            468.0
4          484     584.0            661.0
...        ...       ...              ...
1706    229620  229591.0              NaN
1707    229757       NaN              NaN
1708    229849       NaN              NaN
1709    229963       NaN              NaN
1710    230077       NaN              NaN

[1711 rows x 3 columns]
      peak_pos     onset  diastolic_notch
0          168       0.0            212.0
1          267     239.0            309.0
2          437     388.0            486.0
3          531     504.0            577.0
4          710     659.0            751.0
...        ...       ...              ...
1395    229501  229459.0         229531.0
1396    229571  229551.0              NaN
1397    229768       NaN              NaN
1398    229903       NaN              NaN
1399    230034       NaN              NaN

[1400 rows x 3 columns]
      peak_pos     onset  diastolic_notch
0          131       0.0            158.0
1          272     239.0            297.0
2          405     377.0            432.0
3          812     825.0            883.0
4         1087    1055.0           1111.0
...        ...       ...              ...
1208    229548  229517.0              NaN
1209    229689       NaN              NaN
1210    229826       NaN              NaN
1211    229959       NaN              NaN
1212    230096       NaN              NaN

[1213 rows x 3 columns]
      peak_pos     onset  diastolic_notch
0          218     192.0            240.0
1          330     304.0            352.0
2          442     416.0            465.0
3          554     527.0            575.0
4          665     640.0            688.0
...        ...       ...              ...
1154    228075  228045.0         228099.0
1155    228206  228175.0         228230.0
1156    228335  228305.0         228358.0
1157    228461  228431.0         228495.0
1158    229625       NaN              NaN

[1159 rows x 3 columns]
      peak_pos     onset  diastolic_notch
0           97       0.0            182.0
1          223     253.0            332.0
2          819     797.0            839.0
3         1149    1068.0           1221.0
4         1262    1445.0           1507.0
...        ...       ...              ...
1171    228560  228514.0         228640.0
1172    228686  228745.0         228865.0
1173    228924  228986.0         229076.0
1174    229520  229481.0         229544.0
1175    230146       NaN              NaN

[1176 rows x 3 columns]
      peak_pos  onset  diastolic_notch
0           54    0.0             76.0
1          130  104.0            162.0
2          175  228.0            280.0
3          257  228.0            280.0
4          329  304.0            350.0
...        ...    ...              ...
2947    229944    NaN              NaN
2948    230010    NaN              NaN
2949    230075    NaN              NaN
2950    230141    NaN              NaN
2951    230207    NaN              NaN

[2952 rows x 3 columns]
      peak_pos     onset  diastolic_notch
0          111       0.0            133.0
1          229     186.0            248.0
2          343     301.0            362.0
3          458     416.0            479.0
4          572     530.0            591.0
...        ...       ...              ...
1612    228456  228418.0         228523.0
1613    228562  228626.0         228688.0
1614    229291  229357.0         229399.0
1615    230022       NaN              NaN
1616    230126       NaN              NaN

[1617 rows x 3 columns]
      peak_pos     onset  diastolic_notch
0           95       0.0            119.0
1          195     171.0            218.0
2          294     270.0            317.0
3          394     370.0            417.0
4          494     470.0            517.0
...        ...       ...              ...
1390    229569  229535.0              NaN
1391    229711       NaN              NaN
1392    229851       NaN              NaN
1393    229991       NaN              NaN
1394    230132       NaN              NaN

[1395 rows x 3 columns]
     peak_pos     onset  diastolic_notch
0         164       0.0            203.0
1         334     294.0            371.0
2         504     465.0            542.0
3         671     632.0            707.0
4         837     800.0            882.0
..        ...       ...              ...
983    229263  229230.0         229294.0
984    229403  229370.0         229435.0
985    229543  229510.0              NaN
986    229682       NaN              NaN
987    229817       NaN              NaN

[988 rows x 3 columns]
      peak_pos     onset  diastolic_notch
0          169     146.0            194.0
1          362     342.0            384.0
2          546     524.0            568.0
3          627     607.0            646.0
4          804     783.0            824.0
...        ...       ...              ...
1649    228821  228861.0         228923.0
1650    229006  229040.0         229116.0
1651    229208  229187.0         229252.0
1652    229261  229361.0         229427.0
1653    229613       NaN              NaN

[1654 rows x 3 columns]
